
Media: 112.314938
Varianza: 2443.688647
